[Variables]
ercf_calib_0 = 1.0
ercf_calib_1 = 1.014732
ercf_calib_2 = 1.009376
ercf_calib_3 = 1.004465
ercf_calib_4 = 1.007253
ercf_calib_5 = 1.013608
ercf_calib_6 = 1.004978
ercf_calib_7 = 1.009291
ercf_calib_8 = 1.008103
ercf_calib_clog_length = 10.0
ercf_calib_ref = 2327.4
ercf_calib_version = 3
tool_current = -1

